File Name           : LONG-SPEC2K6-09-yags
NUM_INSTRUCTIONS    : 149999993
NUM_CONDITIONAL_BR  : 20449090
NUM_MISPREDICTIONS  : 815461
MISPREDICTION_RATE  : 3.98776
MISPRED_PER_1K_INST : 5.43641
