File Name           : LONG-SPEC2K6-02-yags
NUM_INSTRUCTIONS    : 149999988
NUM_CONDITIONAL_BR  : 22628704
NUM_MISPREDICTIONS  : 841418
MISPREDICTION_RATE  : 3.71837
MISPRED_PER_1K_INST : 5.60945
