File Name           : LONG-SPEC2K6-00-yags
NUM_INSTRUCTIONS    : 149970336
NUM_CONDITIONAL_BR  : 25181955
NUM_MISPREDICTIONS  : 608493
MISPREDICTION_RATE  : 2.41639
MISPRED_PER_1K_INST : 4.05742
