File Name           : LONG-SPEC2K6-01-gshare
NUM_INSTRUCTIONS    : 150000004
NUM_CONDITIONAL_BR  : 25323638
NUM_MISPREDICTIONS  : 1260957
MISPREDICTION_RATE  : 4.97937
MISPRED_PER_1K_INST : 8.40638
