File Name           : LONG-SPEC2K6-01-yags
NUM_INSTRUCTIONS    : 150000004
NUM_CONDITIONAL_BR  : 25323638
NUM_MISPREDICTIONS  : 1135326
MISPREDICTION_RATE  : 4.48327
MISPRED_PER_1K_INST : 7.56884
