File Name           : LONG-SPEC2K6-09-bimode
NUM_INSTRUCTIONS    : 149999993
NUM_CONDITIONAL_BR  : 20449090
NUM_MISPREDICTIONS  : 1349127
MISPREDICTION_RATE  : 6.59749
MISPRED_PER_1K_INST : 8.99418
