File Name           : LONG-SPEC2K6-06-yags
NUM_INSTRUCTIONS    : 150000001
NUM_CONDITIONAL_BR  : 27139020
NUM_MISPREDICTIONS  : 500898
MISPREDICTION_RATE  : 1.84567
MISPRED_PER_1K_INST : 3.33932
